-0.617946348708985
-0.650448001250608
1.33301228534432
1.0913640662519
0.228555293096789
-0.429011996163199
-1.48988271736229
-0.163366421078568
1.32560068265767
1.02461547693815
-1.25743969060305
1.61069177992859
-0.559319457291651
-0.264158047107087
0.577461207581494
-0.458754381169081
1.01806100437865
-0.742022825017579
0.37093469095307
0.314581853404178
-0.835778580838219
-0.848074316488456
-0.500620978277195
0.635864449157015
1.01273461613387
-0.352376180536897
1.19973287340647
0.417220736736454
-0.00935811380173157
0.239934775909316
-0.362085431355796
0.668845584573242
-0.0434219826689105
-0.725957680629064
1.38121223323799
0.109004469413272
0.987261098988267
0.434748823132572
-1.08953105709693
0.701446836069893
-1.67869506608566
-0.317417987504373
0.55490992211779
-0.657368737197407
-0.153724065163639
1.3095705392813
0.967305016123846
0.818533318822299
2.70384295085298
0.59265631988408
0.122786456076545
-2.36690045016821
0.872991988711054
-0.654242053642588
-0.424109287144225
-0.868074364211968
0.064827751744186
2.90665544594809
-0.0876183255263064
-2.22081501930074
1.28465971726227
1.69400367427764
0.0790621388006949
-1.24291499096162
-0.617742188363836
1.90667949731914
-1.30354048626332
-0.458916657166881
-1.02514440362663
-0.15489229310077
-0.0210194638418774
-0.777990503820993
-1.16877930030248
1.32759817116769
-0.224814283240495
-0.468805751994715
-1.19800430903589
0.118561176202553
-0.447980881481188
1.03078903492676
0.246029523132332
0.454348501653492
-0.245670197822386
0.404126245839403
-0.908414351487381
-0.41549373591611
1.4380195620812
-0.784791048310919
0.777818992187365
0.960494132176136
-0.461004899412691
0.746197758068712
-0.147926663725422
0.159141266701688
0.634752790245343
1.06908160433605
0.314130267425208
0.15836667048794
-0.0851381344103175
-0.319734957857754
-0.881611151752055
2.11040265757022
-0.0468343644476036
-0.222997935686837
-1.50684567639655
0.281082364855256
1.00626624738854
0.133151235679515
1.69028323284688
-1.50015004265394
0.475131357676163
1.03778610393449
-0.754402040875141
0.767982703610439
-1.64907690912045
-0.15572437518846
1.40427055271945
-0.222117507922831
1.82133913786361
2.18632848380189
0.657826354304129
0.276064578583601
-1.32808314303281
-0.702428129646988
-1.23958157411125
0.542531965563072
0.835392752399667
-0.250136755899145
0.443732948618792
-0.72618162182552
-0.0507680322901707
-1.72096086417563
-0.44755744411316
0.0041671619140441
-1.97848231516604
1.82924661168066
0.585734181426215
-0.600178849907518
-0.443593328594666
-0.0582862926601984
0.592540101759049
0.373466569969943
1.20733816481898
0.0125659446728314
-0.120972125549042
-0.0538470314892947
1.04622601019688
-0.261588116419776
0.462812187760341
0.232131838531321
-0.400639424124174
0.849216600207324
0.583507504155532
0.705709494068474
-0.212723730394859
-1.52664377862772
0.627808176027366
-0.124138580152516
-1.39403530695125
0.813807037209135
0.641245191225433
1.20958136107819
0.14639312928703
0.533496313597535
-1.27974751444167
1.775815407282
1.20138088988278
-0.643502367691026
-1.09692503236219
0.0921168658534723
-1.29124010803691
-0.326494819351273
0.838275391693358
1.28756846523518
-0.85574436236273
-0.388841925890759
0.399430604586137
0.463664249265565
-1.97406238924204
1.08888961197818
0.88334540826272
0.781345489678312
0.889876974421544
-1.53366603076267
-0.961555733728227
-0.882172526299648
-0.599151383910515
-0.590850300250184
-1.33729173161886
0.0708905700721479
1.6739909628518
0.50074607910672
-0.208822939484801
-0.12113067241162
-0.899550193690975
0.739239775336477
0.134016935104686
-1.01392649671027
0.728935422818513
-0.498132092178634
1.8069251505149
-0.357312148103683
-1.01835576544733
-0.17123495575351
-0.0706985828571995
1.71967947607209
0.16341110237842
1.2442555060163
-0.197135754325769
-1.09397808384114
-0.203728146116274
0.185389356694463
1.22348881583884
-1.11463906648165
1.38973429117916
-0.166210027984046
1.31445900614606
0.98897830552158
-0.955602343279096
0.0432032442562741
-0.780795631610502
2.31273177990319
0.102837301716087
0.293596069553288
0.806173082337457
-0.202615902692719
-0.420237554361586
0.806867976891649
1.2168271609962
-1.45566400764056
-2.56379936653532
-0.108074518670046
1.32622471852631
-0.158892394937912
-0.055528924057355
0.974557416061865
0.589324025642565
-1.44218631305897
0.652998097276956
0.362172521411512
-0.89116469216419
0.0829584154296484
1.18864717279303
0.982914189079346
0.839576710694143
-0.290633534871498
-0.246885845812849
1.69166417980918
0.735174444798756
0.287541343371316
0.256349414318707
-0.277192502944819
-1.23616412438461
0.392750665193222
0.160523305480179
-0.0861733109793143
0.936957110945818
0.653936779464901
-0.226851077771474
1.09270346230596
0.684798805606691
0.89137635838437
-0.0425498846447621
-0.5072046099417
0.553993446994256
1.35399460438318
-1.26803133169039
-0.533122040933765
-0.781107491840342
1.32907949456732
0.558059995648174
-0.0167691639247549
0.651771592867196
-0.827670353253949
1.04648421098783
-0.28922584643818
0.931634923491522
0.093016993752277
-0.849437472380221
-1.22787122056693
0.772391755161942
-1.93247989359124
0.346024770237322
-0.252405514718943
-0.0910899109130171
0.801344884112371
1.04229414106334
0.49429482399258
1.20171458194571
-0.205278202550875
-1.68010604724894
0.237196255549402
-0.0719237593047972
-0.546250445386222
-1.19014491459619
0.173117859969798
0.114023135377198
-0.380960832663573
0.0444464365675634
-0.0422227903037434
0.123653258794641
0.296669241239083
0.26494786538835
0.0608912267899226
0.181082219468801
0.480043565285588
1.63501952444473
-0.329868532388461
1.30993024779427
0.758089947513302
0.181076570366349
0.523723826442827
0.71776659259714
-1.34652138378606
0.709107463288939
1.15819985044262
0.484180547045354
0.197387353384455
2.04604886188076
-0.617760824819034
0.732678490486854
0.581446077854075
-0.0786394454013634
-1.2192581020981
-0.0834500761018952
-0.54324260965812
-0.560435931081447
0.372931877350603
-0.102611786898439
-0.0716338478499399
0.104071583190941
-0.500111386575836
-0.33728869066527
-0.738419564790276
0.830091000198386
-0.578726104028591
0.458247450721467
0.456105549846656
0.605141570883681
1.55343180108155
-0.523856689642653
-0.0777339965488578
-0.937238700482805
-1.1422401015641
-0.172430491105729
0.217110140749312
-1.06898645856903
-1.46175027297592
-0.365614855769988
0.272266912327898
-0.268588972313855
-0.81670890868849
1.13440145382884
0.266054873298158
0.0270154224363378
0.483388732220561
0.0486122102568625
1.03130913959132
1.95365498131224
0.695914706029308
-1.1459973692835
1.28432835268729
0.843481841442998
1.56894731655708
-0.338994975765123
-0.5286156951796
-0.686474821011222
1.62498782583661
0.239884822324718
-0.841666776137899
1.52824693960435
0.290650868493727
-1.25304702725007
0.991467726582602
-1.17836397367145
0.867488153868146
0.0932008945907289
1.90667821392215
0.946759124345402
-0.498574937015697
-1.36807117758297
1.05440005834059
-2.15548636723403
2.92858473653234
-0.842916888303898
1.01354476351582
0.640706600529571
1.51486315726998
-0.0915316977120131
0.70977540883676
0.371117264881727
0.760469137082852
-0.547064109198884
0.744857589868983
-0.940536749178083
0.278909011021398
0.126834208957061
1.06707162027498
0.978095859478201
0.753176441933371
-0.0466736591255479
0.226342315232516
-0.893596472947812
0.368529776481483
1.1755569238322
-0.765393652596506
-0.996723830003847
0.27973566509638
-1.45174252920837
-0.123891622276032
0.0973748634557357
0.181237489393289
-0.785044769340445
0.38350099714801
0.343576413605473
0.757533021731594
-0.932046301538275
0.116984271944572
0.947046401290285
1.53735144726698
-1.32300815899496
0.0110690624999955
2.12584191696516
0.122443905403426
0.494311201100664
0.625084503656421
0.404720099839652
-0.83315029602299
-2.02587468079208
-0.0942027098542075
-0.729175335670459
-0.447785738203727
-0.674681130230988
-1.5481063922244
-0.652496415501929
0.973861681824437
-0.548742398156321
-0.862610531739575
-1.06191532480373
0.727392542254718
1.45848540840173
0.195651141372953
-0.169543886085277
0.336771371646284
2.08171840409795
-0.253530130065113
0.328521496264895
1.86735052098345
-0.490500627012514
-0.107952714576875
0.321636326907319
0.0613971295689136
-0.825329482170178
-0.64068967316724
-0.418284642841794
0.198435619079034
-1.33765024166237
-1.53493155854678
-0.211361560161327
1.695378130116
0.29577022214246
0.153872213018249
0.0382649975373609
1.28050811886711
0.144571169638168
-0.625644297436687
-1.78426627546456
-0.836711322788747
-1.2574168381232
-0.420675429058671
0.669407582761447
-0.418926579742738
-1.08815720402143
-1.01628143097953
0.527700613137859
0.738257800397337
-0.991363105295364
0.106181130461162
1.07063741895285
1.02976762383298
0.848684714617729
1.34398851154571
0.0208243030300713
-0.493158359164383
-0.747608860207214
0.497577816719855
-0.832048573612471
-0.918511191708417
0.445497878591285
-0.405739361318578
0.293048150954526
0.226093046445519
1.66394947158296
-0.0163056204999987
0.150628265485858
0.453037384904228
1.22365824941499
-0.10360853004898
0.635675569287994
-1.36260488401005
0.106028528233181
0.0967641633899632
1.57195948471958
-0.852970924042453
-0.673588520267793
-0.934726699619821
0.0908222077780966
0.19733732826449
0.930095748448632
0.338324510434072
-0.798125769160205
0.485597702048404
-0.0387090910135129
0.640881798086931
0.9643174334344
1.40977903912598
-0.177628255190441
1.81896636361116
-2.1559386936951
-1.25403240281774
-3.62515538351949
-0.560156367403966
0.100369539539742
1.22605255249068
2.03892824174102
-0.579709205273073
0.284757108205462
-0.0152431543428512
-0.83326259327332
0.169472675902417
-0.748579631437436
0.725726222785682
-0.0958429600235288
-0.265337491242947
1.09490616701792
0.715582021429548
-0.19866432627619
-0.790889674799671
-0.611775049045641
1.87363795607034
-1.32164470836295
1.20429782474269
-0.0848024227441112
0.16553860045411
-0.610961008570104
0.489183319647388
-0.479102559094391
0.477187503869612
-0.197763784259671
0.551610961725051
1.09651583244003
2.33985015372678
0.287023527058338
-1.13374908288889
-2.70096973619615
0.270701176264151
-0.598120268728031
-1.53237347923026
-0.360743024217368
-0.73920304025963
-0.360365362893652
0.60506513401714
-1.40933420128706
0.905261498228145
1.66432451914592
0.881445006677892
0.325999775641143
1.66975226100454
-0.438393489610774
0.03050174071321
0.597079477366866
-1.9967141851858
-0.264533902601876
2.27364261479194
-0.986375485873828
-0.661222737523882
0.289726597325743
-0.929410448976406
0.126331229775596
0.75492655171284
-1.12170795034528
-0.00715610773574266
1.43838187353228
-0.323322391752458
-2.04124352011925
0.64905939206426
-0.228639565176001
-0.82701898225419
0.328979434417188
1.47344489980978
-1.15557587790521
0.387037208254143
-0.828729976981278
0.133470835772675
-0.491894171974507
-0.915613012440026
1.01455663935958
0.494597462215989
0.214105999556242
-0.733071898647248
-2.31266378930754
-1.22764272862649
-1.59365240780651
-0.168209245638183
1.11646166542202
-0.0483704758969696
0.382979242933222
-1.76858362316843
-0.19515054467357
1.72769951676531
1.02152424006539
-0.332894043055312
1.96424733564546
-1.45346143270293
-0.791985249723307
1.11911904485388
0.302899928077381
0.736676700172182
-1.46535812358226
0.957739580528994
-0.416711437326079
0.699588720881281
0.0827344594252796
0.663883969194897
-0.78517294801122
-0.516016934729189
-1.80224288373606
-0.996717101383592
0.479060055205957
0.499299332028329
-1.95383590707307
1.05463579621774
-1.07053177760887
-0.655718338458684
-0.924993595884416
0.296688270577744
-1.4488501728242
-2.3108572339171
0.0113981907411086
-0.710042834842991
-1.17474194263808
-0.735233038727383
-0.215067297960544
-0.307543433721
-0.333089159505716
1.41031587025061
-0.310908301300831
1.61001585593782
-1.32963126230248
1.64083756414459
0.270459011577868
-0.474180016668808
-1.02929832491088
2.21819409045448
0.323292629844008
0.77208665523807
-0.682021636908813
-0.447565961220425
0.273685706602612
0.259813189653849
-0.255006314294965
0.0330083062907992
0.644548264694532
-0.160694069224846
0.408577537387829
1.09149239093065
0.888917376483089
-0.653345732258996
1.18536303923521
0.406435249754241
0.1909318660886
1.15174755505133
0.145068995357712
0.431839999288373
1.23868694264498
0.381507849666976
0.753352763400787
-0.586077146190015
-1.05204658714162
1.33786714447221
0.2616611228957
-1.62368931294103
-0.0939118143300855
0.740415163551555
-0.955806607760542
-0.972699825067985
0.228354295024056
0.418765214684752
-0.506987135685613
1.02150304122355
0.136597820119514
-0.326205684648344
-0.927096990881144
0.24185294298819
3.13730462151577
1.12138661133043
-0.969710297276583
-0.0178244156926433
0.632925579702127
-0.896935444130069
0.78646847120944
-0.570307208381317
0.719573356182498
-0.0631238000417866
0.421363362379837
0.142690448769001
-1.01475529171695
0.449135481998895
-1.16055742334453
-0.893662633201862
-1.52350021492472
-0.874169555074914
-0.364142125050702
-1.23337378972409
-1.02146639692915
0.200947384075912
-0.824491994592248
-0.480110032408909
-0.4719488073556
0.389990125525785
-0.248054532266561
-0.104585565768464
-1.18711799191063
0.550976485909244
0.0045851249981825
-1.0749754116216
-1.3891532160071
-0.11341409832359
0.515163499374931
0.212524649125159
-1.21196360703617
-2.65203921587851
1.04131901129484
-0.240755494086389
-1.11291566124654
0.10847765088864
-0.387785507687111
0.418389795813237
0.0757274230718935
-1.93568242180909
0.31141259845941
-1.28579822810129
-1.44964821149847
-0.2305126594912
0.998446881412012
-0.161863930622228
0.104328072030695
-0.1934781256663
0.003719534949317
-0.189883178418459
-0.345905866540481
1.72120225739692
-0.338404162849138
0.432988916922885
-0.233621044636111
0.595041626897243
1.90688276004481
0.337816542706532
-0.468004374234697
0.377632658209136
-1.90005602674856
1.29559463878377
0.330175809830373
-1.03311097064141
-2.25297599525023
-0.0901169367231101
-0.4368120370698
-0.191310336161058
-0.827498036379134
0.471033074935617
1.77958906716154
-0.815195593530682
-0.731676577743867
-0.875638843161859
0.467774308172381
0.401192618476997
0.591246243114934
-0.808626849017147
0.522129785913049
1.23522021508619
1.37575438053761
-0.505687577660432
-0.525451625734194
-0.788918466630556
0.216968222944497
0.720391348647407
-0.0140822401580285
-0.967056192762872
-0.0107056613295843
-0.182537662390224
-0.0779297317121292
-1.78073929217869
-1.11983768068679
-1.5145654091572
-1.01084211296406
1.45303275715751
-0.0940760304751578
1.31965938028009
-0.89900877209992
-1.53159138412278
-0.0751658109307748
-1.48659339846825
-1.15203523880549
-0.899557573022794
-0.388763688167654
0.413575876936233
0.576080472717874
-1.14820805185501
0.055196209978846
1.81942596343226
0.379152499337032
-0.94901523316416
0.397882061218303
0.242480622881124
-1.237392118715
-0.973613316505528
0.00929973515241859
-0.321077949549219
-0.544306342478946
-1.78075650032165
-0.101005709769936
-0.00524481588552477
0.904389974325963
-0.0711033556797633
2.60739995935652
-1.39992719286488
-0.131807807118979
0.618989224671202
0.599984254716205
-0.0880015668572182
0.669515670050773
0.255738508740926
0.000362372293132491
0.551826480745553
-1.01107627682871
-0.275405280343454
0.495982937107534
-1.14837645098573
1.31488833680514
1.26530347319454
-0.340164277508558
-1.23306318470591
-0.780724863909166
1.68063743079657
-2.4628831897421
0.128456879746482
-0.2131379740891
0.13480349628118
2.14632159124197
1.22775291055937
-0.0267548053089003
-0.0221702360685795
-1.21620940584461
1.02088241821418
-1.32095884201458
0.75790949716247
-0.733145428066679
-0.4340112615487
0.936777784071878
-0.914554991038073
1.15142391338686
-0.0467949003424686
-0.647690623248394
-1.73945069080041
0.956413371504641
-0.111834559801209
-0.0838588294404469
0.636294073888867
-0.739645175871548
0.279366269997185
0.0187392419951377
0.197215102315983
1.97443989780328
1.53868033002996
0.346667624547483
1.04874792289923
-0.739490180659262
-1.31926621672814
-0.171116227148517
-0.433110290600765
-1.44228804042423
0.453064686821977
-1.09855323258236
-0.309880574658491
-0.772134319094364
-0.904867152698856
0.556727512670937
0.852669959512415
0.868983766295829
-0.78145962118448
-0.354348520323931
-1.80058688550892
1.81717558256236
-0.0515891386641154
0.99658992082686
0.237073769634412
0.627480919823346
0.0576859799534179
-0.648562383512593
-1.16361428454351
0.131651807845714
-0.749459639291458
-0.787392628150784
-0.305815612221143
0.618118478387664
-1.25405732752304
-1.97034841024041
-0.0244846790047858
-1.58410922175674
0.086971490178926
2.93260019364847
0.109038878316155
1.40583312125098
-1.59097641836817
-2.1697233402973
-0.235481382653475
2.51288502658026
0.710131230887903
-1.30001398872317
1.18074152996868
-0.563655669667568
-0.435997531606351
1.79111171822356
-0.693883962755673
0.0487823187605692
0.721646785870311
0.0929318093960416
0.776587464190637
1.14982081922248
-0.0137375655684232
-0.285852231785495
-1.38396567922198
1.05181348056897
-0.938789709718139
0.127943377673976
0.563455605928455
-0.564654108639109
0.381824980423906
-0.684637962870744
-0.0426954669199353
0.821838785040372
-1.00309496111907
-0.73090811029009
0.394855404579219
0.523223157809534
-2.72477079001169
-2.24161850130621
1.02298889394677
-0.848703465271882
-0.694926006937709
-0.01462517766041
0.192588879724427
1.30242023786496
-1.34606325819748
-0.00920912721551496
-0.248449865527319
-0.416977497677782
-0.943725689092039
-1.91192091505427
0.916837538656679
-0.4560016933372
0.417335813925474
0.572304673638139
0.583025505304461
-1.47231680078805
0.681037324080098
-0.281666569319992
0.231195737302056
-0.183247535173169
-1.43398383304281
1.07575770607318
-0.139949012550297
0.168204200324697
0.532138213951687
-0.401879756141708
0.809768814003117
0.905544339108727
0.998055883569436
0.0478384778741832
-1.75611022914432
0.178297111637237
-1.54585002543294
-0.749099162076635
2.02293368543779
-0.218972047053032
-1.48394523924235
-0.88354245174162
-1.54856362941718
0.318039260955565
0.473143376625798
0.721514184231805
-1.65425697108143
-2.01519417539859
1.82247889106875
-0.619896978558696
0.688065221147173
-0.453445073612625
-0.395952142758453
0.774140022076496
-0.304284647874246
